->312
2200 3098 3062 3061 3060 3059 3058 3057 1574 
312->38
1574 1572 2836 2834 2832 745 1933 3022 258 
38->50
258 260 262 428 430 432 436 907 909 855 857 861 863 865 867 869 871 873 875 
50->502
875 1265 1742 1744 1746 1748 1750 1752 2928 1016 1014 1692 
502->860v
1692 9632 9525 2823 9352 9545 7010 7732 7798 7835 7711 7769 7788 7734 7905 7898 9267 9418 7585 9420 9625 9265 7973 8877 8883 
860v->860v
8883 8877 7973 9265 9625 9420 7585 9418 9267 7898 7905 7734 7788 7769 7711 7835 7798 7732 7010 9545 9352 2823 9525 9632 1692 1011 1009 914 9312 
860v->560e
9312 495 
560e->55
495 493 393 391 
55->17
391 393 395 397 772 332 376 707 403 373 405 407 408 410 
17->706
410 415 421 423 1152 1154 1156 1158 1160 1162 3113 1164 1166 1168 1170 1171 1173 1175 1961 
706->700
1961 1724 1901 1903 1905 3020 2584 2585 2302 2571 2312 2315 2316 2445 2446 2447 742 
700->700
742 2447 2446 2445 2316 2315 2312 2571 2302 2585 2584 3020 1905 1903 1901 1724 1961 
700->706
1961 1175 1173 1171 1170 1168 1166 1164 3113 1162 1160 1158 1156 1154 1152 423 421 415 410 
706->17
410 408 407 405 373 403 707 376 332 772 397 395 393 391 
17->4414a
391 3739 
4414a->861a
3739 496 
