3a 3110 3109 3107 3736 495 497 3699 2449 2451 2453 2455 2457 2459 3696 1385 2461 941 3694 2124
15 296 297 299 303 305 307 1227 1741 313 315 317 319 321 323 325 327 329 333
16 334 335 337 339 341 343 346 348 350 352 353 355 357 359 361 362 364 366 368 371 373 377
17 379 220 380 381 383 385 388 391 393 395 397 772 332 376 707 403 373 405 407 408 410 413 415 417 419 421 423 425
18 265 426 428 430 432 436 438 440 442 444 446 448 450 452 391 393 395 397 192 237 399 401 454 455 457 459 461 2262 315 317 319 814 812 1963 1222 1224
20 464 468 470 472 474 476 2283 478 104 480 483 485 487 489 224 258 260 262 3097 2083 2151 2255 2077 2079 2081
23 490 335 337 339 341 343 346 348 350 352 492 240 266 268 271 493 495 497 179 181 183 185 506 508 510 512 514 516 518 1028 520 522 524 526 528
24 529 71 2113 905 530 532 703 534 536 538 540 2499 203 544 545
25 547 335 337 339 341 343 346 549 550 77 79 551 63 586 555 557 559 561 563 449 447 445 443 441 439 565 567 569 1208 571 573 575 577 579
25p 637 708 634 470 628 2360 2554 3074 2556 2558 2560 2631 2562 2564 662 660 658 656 346 549 550 77 79 551 63 586 555 557 559 561 563 449 447 445 443 441 439 565 567 569 1208 571 573 575 577 579 2128 682 2249 684 2250 690 692 694
26 2110 2112 2113 905 530 532 703 534 582 584 586 555 557 559 561 587 589 591 593 595 597 599 601
26l 265 426 428 601 2622 2624 2626 3070 3071 2641
27 603 703 534 582 584 64 553 80 78 76 606 608 610 2358 612 614 616 1081 2266 618 620 622 624 1917 1316 469 465
27e 2844 119 298 360 358 356 354 351 606 608 610 2358 612 614 616 1081 2266 618 620 622 624 626 471 633 635 636
30 638 148 390 389 386 587 589 644 646 648
31 82 193 195 197 199 148 390 389 386 384 653 382 217 219 221
32 654 553 80 78 76 347 655 657 659 661 663 665 2473 667 669 671 673
32e 674 356 354 351 349 347 655 657 659 661 663 665 2473 667 669 671 673
33 2106 836 351 1729 838 840 842 146 148 746 154 157 159 161 163 165 167 169 676 678 2128 682 2249 684 688 690 692 694 2199
34 780 778 776 774 2849 1041 2314 1043 277 1994 279 281 283 2861 2863 2865 760 2416 2569 2417 863
35 2844 119 298 360 358 356 354 351 349 347 655 657 659 661 1399 1401 1403 1405 1046 1407 1411
35l 1092 347 655 657 659 661 1399 1401 1403 1405 1046 1407 1411
36 1041 2314 1043 2802 639 149 147 925 1216 1726 706 494 2849 1041
37 2106 721 698 700 530 702 703 268 271 493 495 497 179 181 183 185 187 722 724 726 728 2125 730 1028 732 734 736 738 941 2124
38 744 258 3022 1933 745 2832 2834 2836 1572 1574 1576
38l 745 696 259 380 381 383 385 388 391 393 493 2849 1041 2314
39 638 148 746 2752 451 449 447 445 443 2484 747 567 569 1208 571 573 575 577 579 2128 682 2249 684 2250 2674 749 750
42 638 148 746 751 753 756 279 757 759 761 285 287 857 861 863 491 1132 1228 1385 738 1265 1742 1744 1746 1748 1750 1752 2703 2692 2693 1025
43 546 356 354 351 349 769 768 766 764 1723 1721 1937 1717
44 780 778 776 774 274 272 270 269 704 533 531 710 1299 712 714 713 716 718 709
45 1144 1146 789 787 1148 1150 1140 1138 1136 1194 1127 1123 1181 1740 459 461 2262 314 312 408 410 413 802 804 806 808 810 813 1727 815 1728 818 329 333
46 3112 3109 3107 3736 494 394 392 823 825 828 232 230 830 832 100 479 2291 834 620 622 624 626 628 630
47 638 148 746 845 847 849 851 859 853 855 857 861 863 865 867 869 871 873 875 738 740 877 879 881 883 885 887 889 891 893 895 897
48 2106 836 351 1729 838 840 842 146 148 746 845 847 849 851 859 853 855 857 861 863 865 867 899 901 903 2086 2368 2076
49 2129 188 186 184 182 180 2583 2415 2440 2438 279 281 283 285 287 856 910 2730 2728 2726 2724 2722 2720
50 480 222 220 258 260 262 428 430 432 436 907 909 855 857 861 863 865 867 869 871 873 875 737 735 521 731 2126 729 727 725 723 2129
51 3110 3109 3107 3105 3127 1726 706 495 497 179 181 183 185 187 722 914 915 917 919 921 923
52 2353 1730 271 493 495 497 179 181 183 185 187 722 724 726 728 928 930 2115 2179 2117 2119 2121 2123
53 933 1730 271 493 495 497 179 181 183 185 506 508 510 512 514 516 518 1028 520 522 524 526 937
54 2486 875 738 941 943 945 947 949 2135 953 955 957 467 960 1910 1655 1931 1968 2137 1970 1972 2094 1974 2092 1978
55 2256 831 229 231 829 827 826 824 391 393 493 495 1652 966 968 970 974 976 978 980 982 984 2469 986 988 990 2226 2228 467 2230 1943 1718 2184 2186 2188
56 1008 1730 271 493 495 500 497 1652 966 968 970 1003 1001 722 914 915 1009 1011 1013 1015 1017 1019 1021 1023 1025
56l 1008 1730 271 493 495 1652 966 968 1125 1005
57 2129 188 186 184 182 2234 2235 2236 2237 2238 2482 2483 2378 2376 728 2125 728 2344 2379 2380 2239 2377 2240 2381 2129
58 2106 352 353 355 357 703 268 271 493 495 497 179 181 183 185 187 1035 1037 1039 982 984 2469 986 988 990 992 994 961 959 958 996 998
59 638 148 746 751 753 756 279 281 283 285 287 857 861 863 865 867 869 871 873 875 737 735 520 522 524 526 1013 1015 1017 1019 1021 1023 1025
60l 1047 297 299 3115 1050 1052 1054 1056 1058 1060 482 2280 1063 1065
60 1047 297 2847 1050 1052 1054 1056 1058 1060 482 2280 1063 1065
64 257 255 3148 3150 3152 3154 3155 3157 3159 3161 1429 480 3168 3164 3166 259 744
65 1066 1068 2197 1070 3102 1072 1074 1076 1078 1079 551 62 61 311 359 361 362 364 366 368 454 1084 1086 1088 1090 1122 1200 1202 1189 1191 2389
66 654 553 80 78 76 81 162 1072 1074 2421 3100 2472
67 1047 297 362 364 2382 844 1106 1104 1102 2324 191 799 797 1115 1113
68 296 297 118 301 332 376 707 402 801 799 797 795 793 1108 1110
70 2102 2193 2281 2099 2097 225 1190 1996 1187 1201 1123 1181 1119 1985 1993 435 821 387 398 396 394 392 2906 745 2914 2913 2908
71 1047 297 362 364 366 1094 1096 1098 2324 453 1090 1122 1124 1126 1128 1135 1137 1139 1141 1042 1143
72 1047 297 362 364 366 368 454 455 1116 1118 1983 1122 1200 1202 1189 2096 2098 2100 2101 2107 1141 1042 1756 2538 1758 1953 1760 2735 1032 1045
73 782 784 771 786 788 1214 790 792 2437 796 798 800 401 403 371 373 405 407 408 410 413 415 417 419 421 423 1152 1154 1156 1158 1160 1162 3113 1164 1166 1168 1170 1171 1173 1175 1177 1179 2285
74 2102 2193 2281 2099 2097 225 1190 1996 1188 1186 1184 1119 1985 1993 435 821 387 398 272 270 114 534 582 584 64 553 1080 1077 1075 1073 2414 155 347 655 657 659 661 2565 2563 2423 2561 2559 2557 2555 2448 629 471 469 465
75 1047 297 362 364 366 368 454 455 1116 1182 1183 1185 1202 1189 2096 2098 2100 2101 2107 2102
76 1112 1114 2437 796 798 800 401 403 454 455 1116 1182 1183 1185 1202 1189 1007 1029 1195 1197 1198
77 257 255 253 251 250 248 246 905 61 311 359 361 362 364 366 368 454 455 1116 1182 1195 1776 1199 1197 1198
78 295 294 292 290 288 286 284 282 280 755 754 752 639 149 147 925 1216 912 1219 1051 362 364 366 368 454 455 457 459 461 2262 315 317 319 321 323 325 327 329 333
79 529 71 73 52 54 56 58 743 243 245 247 249 83 2542 98 100 479 2284 477 475 473 2384 2386 464 468 633 635 636
81l 378 405 407 1741 313 2506 804 806 808 810 1222 2304 2508 2509 2510 1220 2511 2512 2475 2476 2731 2478 2480
81 378 405 407 1741 313 2506 804 806 808 810 1222 2304 2305 2306 2308 2309 2317 2475 2476 2731 2478 2480
82 1836 409 406 374 372 454 455 1116 1118 1983 1122 1200 1202 1189 1191 1193 60 1192 1205 1207 1922 1211 1213 1147 1145
83 208 206 202 204 925 1216 912 1219 1051 362 364 366 368 371 373 405 407 408 410 413 802 804 806 808 810 1222 1224
84 1226 297 299 303 305 307 1227 410 413 415 417 419 421 423 1152 1230 1232 1233 1235
85 2129 188 186 184 182 505 503 1261 2671 2202 2204 798 800 401 403 371 373 405 407 1741 313 2506 804 806 808 810 1222 2520 2522 2213 2211 2157 1203 1275 1277 1242 1240 1238
87 1005 1006 970 1003 1001 188 186 184 182 505 1652 966 968 1125 1005
87a 1005 1006 971 969 967 1653 503 502 504 181 183 185 187 1000 1125 1005
88 1836 409 406 374 372 404 402 400 331 387 398 495 497 179 181 183 185 187 1035 1037 1039 982 984 2469 986 988 990 992 994 961 959 958 996 998
89 528 527 525 523 521 731 2126 2375 2377 2160 725 723 1000 1002 971 969 967 1653 503 1261 2758 1263 795 793 2325 1212 1267 1269 1271 1262 1149 1130 1281 1896
91 3117 495 1652 911 2370 2164 2372 2166 2168 2231 2269 2268 2169 2167 2270 2272 2274 843 2276
92 3117 495 1652 687 1976 2218 2220 2222 651 2093 1975 2095 962 1929 2109 2158 2370 2164 2292 2293 2294
94 782 784 771 786 788 790 792 2437 796 798 2322 2323 1731 2280 1062 3025 2583 2415 2440 2438 279 281 283 285 287 857 861 863 865 867 869 871 873 875 738 941 943 1640 1642 3086 885 887 889 2919 2921 2923
95 782 784 1148 1272 1270 1268 1211 790 792 794 1264 2759 554 2279 604 123 121 119 298 360 358 356 354 351 349 769 768 766 764 1260 1258 1256 1254 1252 1932 1248 1246 1244 1242 1240 1238
96 2106 836 351 349 769 768 766 764 1260 1258 1256 1254 1252 1250 2154 1203 1275 1277 1242 1240 1238
101 1279 769 768 766 764 1260 1258 1256 1254 1252 1250 2154 1280 2156 2210 2212 1283 1285 1287 1289 1291 1293 1295 1297
102 1298 1296 1294 2141 1301 1303 1305 1307 1309 1311 1313 1315
104 1279 769 768 766 764 1260 1258 1256 1254 1252 1932 1319 1317 1320 1322 1324 697 1326 2854 1328 2830 1330
105 1279 769 768 766 764 1260 1258 1256 1254 1252 1250 2241 2859 1331 1335 1333 1988 2147 1337 675 2149 1339 1341 1048 1347 1349
105l 1237 1239 1241 1243 1245 1247 2241 2859 1331 1335 1333 1988 2147 1337 675 2149 1339 1341 1048 1347 1349
106 1279 769 768 766 764 1260 1258 1256 1254 1252 1250 2154 1280 2156 2210 2212 1350 1352 1354 2214 1356 1358 1360 1362 1364 1366 1368
107 1298 1296 1294 2141 1301 1303 1305 1908 1733 1735 1737 1739
108 1092 1382 1381 1380 1370 1374 1376 1388 1390 1392 1394 1396 2326 2586 2327
109 1298 1296 1294 2141 1301 1303 1305 1908 1733 1735 1737 1732 631 1545 467 1926 1927
110 1298 1296 1294 2141 1301 1303 1305
111 1279 769 768 766 764 1260 1258 1256 1254 1252 1250 2154 1280 2156 2210 2212
202 1092 347 655 657 659 661 1399 1401 1403 1405 1046 1407 1409 2162 1412 2189 1414 1416 1418 2852 1420 1422 1424 1426
302 1427 1428 1430 1432 1434 1436 1438 1440 1442 1444 1446 1448 1450 1452 1454 2103 1456 2533 1458 1460 1462 1464 1466 1468 1470 1472 1474 1372 1476 1478 1481 1939 1482 1484 1486 1488 1490 2543 1492 1494 1496
303 1427 1428 1430 1432 1434 1436 1438 1440 1442 1444 1446 1448 1450 1452 1454 2103 1456 2533 1458 1460 1462 1464 1497 1499 1501 1503 1505 1507 1509 1511 2807 2809 2811 2813 2815 2817 2819
304 1427 1428 1430 1432 1434 1436 1438 1440 1442 1444 1446 1448 1450 1452 1454 2103 1456 1513 1515 1517 1519 1521 1523 1525 2091 2090
305 1427 1428 1430 1432 1434 1436 1438 1440 1442 1444 1446 1448 1450 1452 1454 2103 1714 2900 1528 1530 1532 1534
306 1535 1428 1430 1432 1579 1434 1436 1438 1440 1442 1444 1446 1448 1450 1452 1454 1536 1538 1540 1542 1544 1543 1546
307 1535 1428 1430 1432 1579 1434 1436 1438 1440 1442 1444 1446 1448 1450 1452 1547 1548 1550 1552 1554 1556 1558 1560 1562
308 744 217 219 221 481 1564 1428 1430 1432 1566 2647 1568 1570 1572 1574 1576
309l 1440 1442 1444 3128 3129 3130 3131 3132 1594 1592 1590 3133
309 1577 104 1564 1428 1430 1432 1579 1434 1436 1438 1581 1583 1585 1587 1589 1591 1593 1595
310 744 217 219 221 2573 3023 2575 3052 2576 2577 2588 2578 2579
311 1535 1428 1430 1432 1579 1434 1436 1438 1440 1442 1444 1446 1448 1450 1452 2769 2770 2772 2774 2776 1544 1543 2778 2780 2782
312 3056 1574 3057 3058 3059 3060 3061 3062 3098 2200 3099 3063 3064 3065 2082 2080 2078 2834 2836 1571 3066 3067 3068 3069 3056
313 636 1580 3170 3172 3174 3176 3178 1587 1589 1591 3180 3182 3184 3186 3188 1544 1543 2778 2780 2782
350 9444 9449 9446 9453 9454 9713 9603 9725 9715 9412 9766 9414 9409 9415 9767 9413 9716 9725 9717 9609 9606 9607 9503 9506 9501 9695 9337 9491 9334 9328 9336 9329 9335 9489 9339 9504 9608 9605 9610 9718 9724 9604 9714 9450 9452 9447 9448
351 9735 1564 1438 1454 1456 1458 1466 1478 9304 9326 9334 9328 9336 9329 9335 9489 9339 9504 9608 9605 9610 9718 9724 9715 9721 9719 9407 9412 9766 9414 9409
352 9735 7965 7966 9724 9715 9721 9407 9412 9766 9414 9409
353 9408 9415 9767 9413 9722 9716 9725 9603 9713 9450 9453 9447 9448 9443 9449 9446 9452 9451 9714 9604 9724 9712 9723 9735
354 9735 2914 2817 9388 9380 9378 9379 9381 2818 2816 2814 2812 2810 2808 1512 1510 1508 1506 1504 1502 1466 1478 9304 9326 9332 9489 9340 9695
354a 9444 9449 9447 9453 9454 9713 9603 9442 9725 9717 9609 9606 9607 9503 9337 9491 9333 9327 9305 1479 1497 1501 1503 1505 1507 1509 1511 2807 2809 2811 2813 2815 2817 9388 9380 9378 9379 9381 9387 9377 2914 9735
354b 9735 2914 2817 9388 9380 9378 9379 9381 2818 2816 2814 2812 2810 2808 1512 1510 1508 1506 1504 1502 1466 1478
355 9735 1564 1438 1454 1456 1458 1466 1478 9304 9326 9332 9489 9339 9694 9502 9500 9505 9608 9605 9610 9718 9724 9715 9412 9766 9414 9409
355a 9734 1564 1438 1454 1456 1458 1466 1478 9304 9326 9332 9489 9340 9694 9502 9500 9505 9608 9605 9610 9718 9724 9603 9713 9450 9453 9447 9448 9441 9449 9446 9452 9451 9714 9604 9725 9715 9412 9766 9414 9409
355l 1478 9304 9326 9334 9328 9336 9329 9335 9489 9339 9694 9502 9500 9504 9608 9605 9610 9718 9764
355b 9735 1564 1438 1454 1456 1458 1466 1478 9304 9326 9334 9328 9336 9329 9335 9489 9339 9694 9502 9500 9505 9608 9605 9610 9718 9724 9715 9721 9719 9407 9412 9766 9414 9409
356 9735 1564 1438 1454 1456 1458 1466 1478 9304 9326 9334 9328 9336 9329 9335 9489 9340 9694 9502 9500 9505 9768 9488 9483
361b 9735 1564 1438 1454 1456 1458 1466 1478 9304 9326 9332 9489 9339 9504 9608 9605 9610 9718 9764 9603 9713 9450 9453 9447 9448 9443 9449 9446 9452 9451 9714 9604 9725 9715 9721 9719 9407 9412 9766 9414 9409
361l 9408 9415 9767 9413 9406 9716 9725 9717 9609 9606 9607 9503 9339 9491 9334 9328 9336 9329 9335 9327 9305 1479
362 9444 9449 9446 9453 9451 9714 9604 9764 9712 9723 9735
363 9442 9449 9446 9453 9454 9713 9603 9725 9717 9609 9606 9607 9503 9506 9501 9695 9337 9491 9334 9328 9769 9329 9335 9327 9305 1479 1467 1459 1457 1455 1439 480 222 9735
363l 9442 9449 9446 9453 9454 9713 9603 9725 9717 9609 9606 9607 9503 9506 9501 9694 9337 9491 9334 9328 9336 9329 9335 9327 9305 1479
365 1478 9304 9326 9332 9489 9339 9505 9608 9605 9610 9718 9724 9712 9723 8618 9411 9366 8514 8511 9783 8525 8090 8471 8261 8183 8344
366 9735 7965 7966 9724 9717 9609 9606 9609 9606 9607 9503 9500 9501 9695
366a 9695 9502 9506 9505 9607 9488 9484 9485 9482 9605 9609 9718 9724 9712 9723 9735
401 638 148 746 845 847 849 851 859 853 291 293 1599 1601 1603 1952 1605 1607 1563 1609 1611 1613 1615 1617 3037 1619 1621 1623 1625 1627 1629 3034 3036
402 638 148 746 845 847 849 851 859 853 291 293 1599 1601 1603 1952 1605 1607 1563 1609 1611 1613 1615 1617 1630 2170 1632 1634 2173 2175 2177
403 1598 291 293 1599 1601 1603 1952 1605 1607 1563 1609 1611 1613 1615 1617 3037 1619 1621 2033 2035 2527 2545 2037 2039 2041 2043 2045 2047 2049 2051
404 1912 2590 1911 1651 1637 1635 2001 2003 2005 2933 2007 2009 2011 2795 2797 2820 2799 2403 2405 2407 2794
405 1598 291 293 1599 1601 1603 1952 1605 1607 1563 1609 1611 1613 1615 1617 3037 1619 1621 1997 1999 2001 2003 2005 2933 2007 2009 2011 2013 2015 2258 2017 2260 2020 2022 2024 2026 2028 2030 2245 2032
405l 2032 2246 2031 2607 2608 3055 2609 2610 2611 2612 2621 2613 2614 2695 2697 2699 7654 7652 7656 7651 7653 7804 2698 2696 2694 2615 2616 2617 2618 2032
406 1598 291 293 1599 1601 1603 1952 1605 1607 1563 1609 1611 1613 1615 1617 3037 1619 2895 2897 2898
406l 1598 676 678 2128 682 2249 684 688 2873 2891 2875 2877 2879 2881 2883 1615 1617 1630 2170 1632 1634 2858 2784 2786 2788 2856
407 1598 291 293 1599 1601 1603 1952 1605 1607 1563 1609 1611 1613 1615 1617 3037 1619 1621 1997 1999 1913 2589 1636 1638 1779 2591 1912
407l 1912 2590 1911 1651 1637 1635 2001 2003 2005 2933 2978 2935 2937 2939 2941 2943 2945 2947 2973 2335 2337 2339 7879 7877 7941 7808 7969 7968 7970 7809 7942 7878 7880 2341 2411 2975 2977
408 1598 291 293 1599 1601 1603 1952 1605 1607 1563 1609 1611 1613 1615 1617 3037 1619 1621 2033 2391 2734 2393 2395 2397 2399 2401 2425 2403 2405 2407 2409 2464 2547 2549 2551 7185 2518 2567
409 1597 291 293 1599 1601 1603 2949 2950 2951 2952 2953 2954 2955 2956 2957 2958 685 680 683 681 679 677 705 1597
450 9513 3736 9308 9706 1601 1605 1563 1611 1613 1617 1621 2033 2391 2393 2397 2399 2401 2425 2403 2405 2407 2409 2464 2547 2549 2551 7185 2518 7068 8560 8604 8581 8579 8551 7179 7094
451 9513 3736 9308 9706 1601 1605 1563 1611 1613 1617 1621 2033 2391 2393 2397 2399 2401 2425 2403 2405 2407 2409 2464 2547 2549 2551 7183 7174 7004 9673 7008 7006 7011 7145 7114 7116 9683 7091 8705 8715 8710 7176 8711 8715 8706 7092 9681 8712 8708 8714
451a 9676 8709 8713 9682 7117 7115 9565 7011 9674 7005 7182 2552 2550 2548 2536 2535 2408 2406 2404 2426 2402 2400 2398 2394 2392 2034 1622 1618 1614 1612 1610 1606 1602 854 846 2496 9512
460 9513 3736 7052 2914 8619 8623 8625 8628 8621 8653 8666 8591 8599
460a 9513 3736 7052 2914 8619 8623 8625 8628 8622 8653 8634 8632 2567 8631 8634 8654 8666 8592 8599
461 9734 2914 2817 9388 9380 9378 9399 8208 9623 9390
462 9734 2914 2817 9388 9380 9378 9661 9371 9602 9726 9549 9563 9495
463 9734 2914 2817 9388 9380 9378 9661 9371 9602 9726 9549 9563 9495 9564 9548 9727 9770 9372 9382 9379 9399 9325 9623 9390
464 7093 7178 8550 8578 8580 8603 8559 2567 8631 8633 8621 8628 8625 8624 8619 391 3739 9512
465 7093 7178 8550 8578 8577 8722 8618 391 3739 9512
465a 9513 3736 494 7052 745 8618 8721 9771 8579 8551 7179 7094
466 9513 3736 9308 9706 1601 1605 1563 1611 1613 1617 1621 2033 2391 2393 9495 9564 9548 9727 9770 9372 9382 9379
467 9495 9564 9548 9727 9602 9372 9382 9379 9381 2818 2816 2814 2812 2810 2808 1512 1510 1508 1506 1504 1466 1478 9304 9326 9332 9489 9339 9694 9502 9500 9505 9768 9488 9483 9482 9460 9694 9464 1496 1495 1493 2544 1491 1489 1487 1485 1483 1940 1480 1479 1497 1503 1505 1507 1509 1511 2807 2809 2811 2813 2815 2819 9380 9378 9661 9371 9770 9726 9549 9563 9496
468 9513 3736 9308 9706 1601 1605 1563 1611 1613 1617 1621 2033 2391 2393 9495 9564 9548 9727 9602 9372 9382 9379 9381 2818 2816 2814 2812 2808 1512 1510 1508 1506 1504 1466 1478
470 9513 3736 9308 9706 1601 1605 1563 1611 1613 1617 1621 2033 2391 2393 2397 2399 2401 2425 2403 2405 2407 2409 2464 2547 2549 2551 7185 2518 7068 8631 8633 8653 8666 8591 9480 9671 9478 8599
470a 9513 3736 9308 9706 1601 1605 1563 1611 1613 1617 1621 2033 2391 2393 2397 2399 2401 2425 2403 2405 2407 2409 2464 2547 2549 2551 7163 7167 7159 7156 7039 9586 7040 7155 7160 7168 7164 9622 7185 2518 7068 8631 8633 8653 8666 8592 9480 9671 9478 8599
474 9513 3736 9308 9706 1601 1605 1563 1611 1613 1617 1621 2033 2391 2393 2397 2399 2401 2425 2403 2405 2407 2409 2464 2547 2549 2551 7163 7167 7159 7156 7040 9586
493b 9513 3736 494 7052 745 8618 9662 9361 8346 8468 9591 8344
499 8343 8184 8260 8470 8079 8126 9780 8155 9781 8127 8080 8471 8089 8524 9782 8510 8513 9365 9410 8542 9357 9383 9648 9384 9356 8618 391 3739 9512
501 1026 1024 1022 1020 1018 2927 1753 1751 1749 1747 1745 1743 1266 738 941 943 1640 1642 2989 2991 2993 3000 2995 2997
502 2486 875 1265 1742 1744 1746 1748 1750 1752 2928 1016 1014 1692 2243 2257
503 1597 291 293 1599 1601 1603 1952 1605 1607 1563 1609 1611 1613 1615 2297 2298 2886 2146 2144 686 2888 893 895 897
504 937 527 3040 3041 3043 3045 732 734 736 738 941 943 1640 1642 1644 1649 1648 686 2143 2145 889 891 893 895 897
505r 2486 940 2364 871 875 738 740 877 881 883 2959 2960 2962 2749
505 2486 940 2364 871 873 875 738 740 877 879 881 883 2959 2960 2961 2962 2749
505l 874 872 870 899 901 903 2086 2368 3019 2743 2745 2747 2749
506 2572 2922 3076 3078 3080 3082 895 897 2980 2982 3002 2984 2986 2988
507 2124 740 877 879 881 3010 3012 2144 3014 3016 893 895 897 2980 3046 3048 1713 1711 1709 1702 1700 3088 3090 3092 3094 3096
511 3110 3109 3107 3105 3127 1726 706 495 1652 1351 1654 1979 1656 1657 1659 1661 1663 1665 1387 1668 1670 1672 1674 1676 1678 1680 1682 1684 1686 1688
512 1027 1035 1037 1039 982 984 2469 986 988 990 2226 2228 467 2224 1657 1659 1661 1663 1665 1387 2208 2209
513 2209 2632 2925 2633 2635 2637 2639 1225 2601 1343 2915 2917 2924
521 1690 1692 2298 2135 953 955 957 467 2224 1657 1659 1661 1663 2593 2606 2207
522 999 997 956 954 2136 2929 2930 2931 2932 2596 2597 2598 2599 2600 2225 959 958 996 998
531 1027 722 914 915 1009 1011 1692 1697 1699 1701 1703 1705 1707
532 1027 722 914 915 1009 1011 1692 1697 1699 1701 1708 1710 1712
533 1027 722 914 915 1009 1011 1692 2243 2257
534 2216 520 522 524 526 2443 1692 2757 2343 2342 2340 2338 2336 2334 2332 2755 2029 2027 2025 2023 2019 2261 2018 2259 2016 2014 2412 2760 2762 2764 2766
551 3117 495 1652 911 932 963 964 2361 965 972 3084 973 1083 1120 2645 1121 1209 1225 2601 1343 2603 1345 1400 1867 1868 1898 1907 2824 1688
553 3117 495 1652 911 932 963 964 2361 2710 2712 2714 2716 2718 2719
560 9312 914 1009 1011 1692 2757 9632 9525 7815 9523 7768 7648 7811 7658 9567 9541 7656
560a 9312 914 1009 1011 1692 9632 9525 1688 7815 9523 7768 7748 7648 7811 7658 9567 9541 7656
560e 9513 495 9312 914 1011 9633 7815 7768 7748 7648 7811 7658 7656
561 7655 7657 7810 7647 7766 7767 7762 7812 7764 7758 7760 7667 7673 7659 7661 7665 7663 7669 7671 9729 9547 9352 7814 9524 9633 1693 1012 1010 725 9313
561a 7655 7650 7673 7659 7661 7665 7663 7666 7662 7660 7674 7667 7760 7759 7763 7768 7816 7814 9524 9633 1693 1012 1010 725 9313
580 9513 3736 914 9268 7452 7468
581 9513 3736 970 914 1011 1692 2757 9632 9525 2823 9352 9545 7010 8018 8012 9348 9310 9476 7358 7360 9268 7588 7350 7354 7374 7423 7625 7466 7452 7468
581e 9513 3736 914 9545 7010 8012 9268 7354 7423 7466 7452 7468
581a 9513 3736 970 914 1011 1692 9632 9525 2823 9352 9545 7733 8018 8012 9348 9310 9476 7358 7360 9268 7350 7354 7374 7423 7625 7466 7452 7468 7453
583 7420 7612 7494 7449 9386 7511 7296 7441 7517 7422 7373 7353 7349 7587 9271 7359 7357 9477 9311 9349 8013 8019 7732 9546 2824 1693 1012 725 3739 9512
583a 9513 3736 914 1011 1692 2823 9545 7733 8018 8012 9348 9310 9476 7358 7360 9268 7588 7350 7354 7374 7423 7516 7440 7296 7511 9634 7450
585 9513 3736 914 1011 1692 2823 9545 7733 8018 8012 9348 9310 9476 7358 7360 9268 7588 7350 7351 7570 7383 7443 7271 7269 7528 7530 7526 7532 7524 7385 7389
586 9312 914 1009 1011 1692 9632 9525 2823 9557 9728 7672 7732 8018 8012 9348 9310 9476 7358 7360 9268 9516 7349
588 9513 3736 914 1011 1692 2823 9557 7733 8018 8012 9348 9310 9476 7358 7360 7581 7583 9514 7483 7481 7489 7472 7484 9515 7584 7582 9268 7588 7350 7351 7570 7383 7443 7271 7269 7528 7530 7526 7532 7524 7385 7389
591 9312 914 1009 1011 1692 9632 9525 2823 9352 9545 9728 7671 7732 7798 7835 7711 7769 7788 7734 7905 7806 7971 7994 7984 7992 7989 7991
591a 7906 7735 7789 7770 7712 7836 7799 7733 7672 9729 9547 9353 2824 9524 9633 1693 1012 1010 725 9313
592 9312 914 1009 1011 1692 9632 9525 2823 9352 9545 7010 7732 7798 7835 7711 7769 7788 7734 7905 7898 9267 9418 7585 9420 9625 9265 7973 9416
593 9312 914 1009 1011 1692 9632 9525 2823 9352 9557 7010 8018 8012 8006 8016 8007 8013 8019 7672 7732 7798 7835 7711 7769 7788 7734 7905 7806 7971 7994 7992 7989 9741
593a 9312 914 1009 1011 1692 9632 9525 2823 9352 9557 7010 8018 8012 8006 8016 8007 8013 8019 7672 7732 7798 7835 7711 7769 7788 7734 7906
593b 8016 8007 8013 8019 7672 9547 9353 2824 9524 9633 1693 1012 1010 725 9313
601 3111 3109 3107 3105 3127 1726 706 397 192 237 399 1754 1983 1122 1124 1126 1128 1135 1137 1139 1141 1042 1756 2538 1758 1953 1760 1762 1764 1766 1768 1770 1772 1774 1778 1780 1948 1782 1965
602 1144 1146 1135 1137 1139 2649 2767 2651 2998 2653 2655 2657 2659 2661 2700 2663 2665 2667 1778 1780 1948 1782 3039 1915 1777
603 1143 2538 1758 1953 1760 1762 1764 1766 1768 1770 1772 1774 1955 1803 1805 1807 1809 1811 1813 1815 1817 1819 1821 1823 1825 2251 2253 2465 1827 1829 1831 1833 1835
604 782 784 1148 1150 1141 1042 1756 2538 1758 1953 1760 1762 1764 1766 1768 1770 1772 1774 1778 1780 1948 1782 3039 1784 1786 2181 1990 1837 1839 1841 1843 2901 1845 2529 2531 2089 1847 1849 1273 3481
605 782 784 1148 1150 1141 1042 1756 2538 1758 1953 1760 1762 1764 1766 1768 1770 1772 1774 1778 1780 1948 1782 3039 1784 1786 1788 2850 1790 1792 1794 2142 2132 2052 2232 2054 2056 2104 2058 2060 2062 2064 2628 2139 2066 2084 2871 2068 2070 2072 2354 2355 2357
606 2263 2264 2265 1817 1819 1821 1823 1825 2869 1694 2487 2489 2751 2301
607 378 374 372 404 402 1754 1852 1854 1856 1858 2553 1861 1045 1082 2736 1762 1764 1766 1768 1770 1772 1774 1778 1780 1948 1782 1965
610 1836 409 406 374 372 404 402 801 799 797 795 793 791 789 787 1148 1150 1141 1042 1756 2538 1758 1953 1760 1762 1764 1766 1768 1770 1772 1774 1778 1780 1948 1782 3039 1784 1786 1788 2850 1790 1792 1794 1796 1798 1800 1802
611 1836 409 406 374 372 404 402 1754 1852 1854 1856 1858 2553 1861 1826 1824 1822 1820 1866 1865 1864 1863
612 378 374 372 404 1987 1182 1183 1185 1202 1189 1191 2524 1925 330 819 817 816 814 812 1963 1222 2520 2522 1230 1232 1233 1235
613 378 374 372 454 1084 1086 1088 1090 1122 1200 1202 1189 2096 927 1033 2524 1925 2678 2680 2682 2684 2686 2688 2690 2691
700 1215 1180 1961 1724 1901 1903 1905 3020 2584 2585 2302 2571 2312 2315 2316 2445 2446 2447 742 1215
704 1880 305 1227 410 415 419 421 423 1152 1154 1156 1158 1160 2277 1881 1883 1885 1887 1889
705 1897 413 415 417 419 421 1152 1154 1156 1158 1160 1162 236 1900
706 1107 307 410 415 421 423 1152 1154 1156 1158 1160 1162 3113 1164 1166 1168 1170 1171 1173 1175 1961 1724 1901 1903 1905
706e 1897 410 1152 1158 1166 1168 1170 1171 1173 1175 1961 1724 2502 2504 2497
707 1880 305 1227 410 415 419 421 423 1152 1891 1893 2305 2306 2308 2702 2704 2706 2708 1895 2738 2740 2839 2277 1881 1883 1885 1887 1889
708 1112 1114 2437 796 798 800 401 403 454 455 1116 1182 1183 1185 1202 1189 1191 2524 1925 2427 2754 2429 2540 2675 2431 2433 2435 2526 2805 2203 2329 2328 3197 2839 2278 2330 1992 1887 1889
709 333 2860 3143 2860 2427 2754 2429 2540 2675 2431 2433 2435 2526 2805 2203 2329 2328 2311 2194 3197 2839 2278 1881 2303 1885 1887 1889
711 378 374 372 404 402 1754 1852 1854 1856 1858 2553 1861 2251 2253 2465 1827 1829 1831 1833 1835
860bl 8763 8729 8761 9063 9055 8773 9057 9043 8969 9060 8874 8881 8886 8877 9314 8994 8990 8993 8998 8996 9214 9189 9268 7350 7726 7382 7423 7623 7466 7468
860m 9513 3736 495 1652 911 932 963 964 2361 2710 9708 8910 8759 8769 8763 8729 8761 9064 8848 8876 9087
860mv 9559 3736 397 192 237 399 1754 1852 1854 1856 1858 2553 1861 3892 1082 2736 1762 1764 1766 1768 1770 1772 1774 1955 1803 1805 8761 9064 8848 8876 8871 8986 8413 9156
860u 8763 8729 8761 9064 8848 8876 9086 9253 7023 9119 9077 9112 9129 9084 9071 9138 9396 9175 8832 9045 9166 9171 9158 9168 9237 9239 9241 9238 8830 8950 9089
860v 9312 914 1009 1011 1692 9632 9525 2823 9352 9545 7010 7732 7798 7835 7711 7769 7788 7734 7905 7898 9267 9418 7585 9420 9625 9265 7973 8877 8883 8879 8752 8747 8754 8749 8744
860i 3736 397 192 237 399 1754 1852 1854 1856 1858 2553 1861 1045 1082 2736 1762 1764 1766 1768 1770 1772 1774 1778 1780 1948 1782 1784 1786 1788 2850 1790 1792 1794 2142 2132 2052 2232 2054 2056 2104 2058 2060 9665 9331 8757 9665 9234 8852 8849 8987 8872 8873 8847 9062 8760 8758 8762
860j 3736 495 1652 911 932 963 964 2361 2710 2712 2714 2716 2718 2790 9121 9177 9155 9153 9149 9140 9088 9078 9249 9293 9295 9126 9297 9299 8725 8723 8720 8707 8962
860p 9312 914 1009 1011 1692 9632 9525 2823 9352 9545 7010 8018 8012 9348 9310 9476 7358 7360 9268 9274 8784 8792 8790 9278 9280 9282 9284 9286 9288 9290 9292
860s 3736 495 1652 911 932 963 964 2361 2710 9708 8910 8759 8769 8765 8761 9059 9055 8773 9057 9043 8969 9060 8874 8881 8886 8877 9314 8994 8990 8993 8998 8996 9214 9189 7581
860b 3736 495 1652 911 932 963 964 2361 2710 9708 8911 7042 9037 9041 9039 8943 9128 8981 9126 9221 8827 8804 8763
860l 9086 8873 8847 9063 9055 8773 9057 9043 8969 9060 8874 8881 8886 8877 9314 8994 8990 8993 8998 8996 9214 9189 9268 7350 7726 7382 7423 7623 7466 7468
860c 9559 3736 495 1652 911 932 963 964 2361 2710 2712 2714 2716 2718 2790 9121 9177 9155 9153 9149 9140 9088 9078 9249 9293 9295 9126 9297 9299 9466 8725 9320 9322 9324 9354 9471 9473 8765 8758 8762
860a 3736 495 1652 911 932 963 964 2361 2710 2712 2714 2716 2718 2790 2790 9177 9155 9153 9149 9140 9088 9078 9059 9023 8992 8804 7047
860d 9559 3736 495 914 1009 1011 1692 9632 9525 2823 9352 9545 8657 8659 8661 8663 9316 9318 8693 8695 8697 8699 8701 8672 8674 8105 8687 9426 8959 8682 8909 8932 8971 8689 8727 8877
860 9513 3736 495 1652 911 932 963 964 2361 2710 9708 8910 8759 8769 8765 8761 9064 8848 8876 9087
860e 9513 3736 495 1652 2710 8769 8765 9064 8876 9087
861a 9086 8873 8847 9062 8760 8764 8768 8826 9220 9125 8980 9127 8941 9038 9040 9036 7041 8910 9709 1960 2367 1981 1982 1967 1980 1653 496 3739 9512
4414a 7093 7178 8550 8578 8580 8603 8559 2567 8631 8633 8653 8666 8591 8599 8592 8667 8654 8621 8627 8625 8624 8620 391 3739 9512